7401.000000
359.000000
324.000000
697.000000
574.000000
238.000000
502.000000
396.000000
377.000000
308.000000
837.000000
56.000000
599.000000
125.000000
409.000000
124.000000
320.000000
51.000000
597.000000
671.000000
332.000000
2089.000000
50.000000
57.000000
69.000000
928.000000
1382.000000
731.000000
1570.000000
1402.000000
1811.000000
1845.000000
2433.000000
10260.284142
1066.000000
1066.000000
1000.000000
1537.000000
2125.000000
3227.000000
2125.000000
942.000000
1257.000000
1101.000000
1175.000000
292.000000
178.000000
336.000000
76.000000
144.000000
1146.000000
1699.000000
645.000000
754.000000
1113.000000
507.000000
246.000000
739.000000
552.000000
348.000000
998.000000
619.000000
538.000000
668.000000
2581.000000
544.000000
420.000000
373.000000
556.000000
752.000000
242.000000
91.000000
805.000000
574.000000
158.000000
577.000000
388.000000
236.000000
393.000000
549.000000
1381.000000
919.000000
386.000000
229.000000
232.000000
390.000000
254.000000
873.000000
945.000000
230.000000
1155.000000
413.000000
943.000000
196.000000
133.000000
138.000000
187.000000
134.000000
300.000000
65.000000
420.000000
209.000000
398.000000
381.000000
872.000000
199.000000
713.000000
1095.000000
231.000000
695.000000
528.000000
938.000000
169.000000
127.000000
928.000000
336.000000
772.000000
417.000000
655.000000
167.000000
169.000000
195.000000
333.000000
60.000000
895.000000
372.000000
205.000000
430.000000
152.000000
1586.000000
174.000000
456.000000
341.000000
507.000000
195.000000
250.000000
191.000000
926.000000
464.000000
178.000000
167.000000
403.000000
143.000000
331.000000
157.000000
1805.000000
177.000000
332.000000
1432.000000
489.000000
122.000000
285.000000
597.000000
148.000000
812.000000
152.000000
620.000000
784.000000
1214.000000
718.000000
315.000000
76.000000
930.000000
559.000000
169.000000
84.000000
291.000000
4700.000000